150
13 877 968 6
51 5576 5712 12
57 328 428 9
44 5337 5409 11
36 5841 5908 15
39 3315 3441 4
83 6091 6226 6
61 3511 3610 12
58 2261 2328 14
76 1590 1720 8
27 238 360 15
57 6774 6871 13
36 7109 7233 1
60 6362 6490 7
15 224 265 15
16 5487 5599 3
64 2405 2481 2
51 1439 1584 9
24 6661 6731 7
66 1817 1925 2
70 3620 3744 13
80 3360 3472 6
46 1444 1498 10
24 5414 5509 8
67 3674 3839 6
19 3934 4036 11
85 112 264 5
94 137 301 9
29 821 915 14
72 3128 3257 12
44 4597 4737 2
57 7144 7234 12
46 5506 5638 2
75 2602 2678 14
56 3470 3526 12
63 5008 5097 13
43 102 214 5
50 4357 4411 6
32 6530 6630 1
56 1411 1509 8
64 5646 5726 8
67 860 990 4
94 4207 4334 9
47 4690 4797 10
23 6643 6705 12
88 4107 4239 11
56 6918 7007 4
57 5780 5864 11
23 1442 1524 13
98 1891 2019 2
51 550 654 15
15 6337 6440 13
61 6736 6865 3
21 965 1077 2
79 4728 4813 10
89 3938 4093 11
51 3831 3898 7
54 7388 7468 10
32 3347 3384 5
22 1668 1764 6
83 1438 1607 3
50 1365 1501 3
83 3828 4000 8
15 5302 5327 7
10 3256 3332 4
98 1293 1420 13
57 5232 5291 1
67 6776 6897 14
47 5866 5921 3
40 3065 3194 14
31 3939 3992 8
34 1591 1676 4
39 3344 3441 3
71 2998 3081 7
63 6563 6659 15
28 3510 3548 14
62 644 733 8
39 1449 1537 13
59 3390 3482 9
29 3712 3796 1
16 6296 6327 1
70 5439 5526 15
53 2432 2511 1
90 1001 1151 7
30 1560 1659 15
26 2915 2969 5
85 3471 3647 7
91 4116 4285 4
82 6143 6286 14
36 2753 2794 3
93 2019 2155 3
65 4021 4184 14
38 1602 1740 2
18 1678 1781 3
69 3284 3408 13
35 5332 5386 8
45 5810 5866 5
31 3430 3494 4
71 4223 4393 3
29 4481 4557 3
44 91 163 8
74 5122 5289 4
82 6503 6656 1
12 788 851 4
24 4692 4785 7
55 343 412 5
77 3972 4088 9
89 3589 3717 11
83 223 392 9
32 2899 3013 9
89 1609 1783 1
19 2194 2301 7
47 5001 5054 3
27 4591 4715 12
33 1263 1337 6
63 2309 2433 7
31 5327 5398 8
90 1591 1698 13
28 4102 4137 4
64 6969 7126 8
50 5868 6004 1
63 6035 6132 15
81 644 814 11
19 5461 5543 4
64 5093 5216 11
73 4094 4194 13
59 334 463 9
40 3387 3496 13
59 2326 2425 7
61 7235 7304 12
75 3862 3988 8
70 838 982 5
70 999 1098 12
42 7356 7464 11
71 1936 2096 3
87 7260 7392 12
76 1273 1404 4
56 4681 4805 15
57 1547 1682 2
61 586 692 12
83 3729 3878 7
62 1374 1447 3
47 4021 4121 7
90 6747 6853 12
33 2313 2421 7
34 4611 4704 14
13 239 352 7
23 3937 3987 15
33 2023 2068 4
30 3554 3595 3
