50
35 731 781 5
50 1118 1209 1
17 606 676 1
31 2339 2405 5
96 1650 1819 2
24 2110 2176 5
98 291 463 4
41 693 734 1
32 75 201 2
87 1830 1927 3
76 1116 1200 5
85 123 262 5
63 205 298 5
59 723 802 3
84 521 639 5
38 51 140 3
37 20 67 2
44 1262 1354 4
79 1728 1900 4
60 1811 1933 5
55 377 524 3
32 2195 2297 4
30 2050 2090 4
12 1068 1139 1
64 2234 2357 3
86 8 106 5
25 2334 2457 4
71 701 857 2
57 2389 2519 5
11 748 800 5
54 837 946 3
18 262 311 3
17 464 573 3
26 1760 1827 2
50 744 818 3
53 1788 1895 4
29 954 1077 5
65 1305 1462 4
10 102 189 4
58 1061 1120 4
12 284 377 2
37 588 684 5
30 50 159 2
63 850 956 3
57 2162 2313 5
26 233 264 3
78 695 841 3
91 438 594 2
56 1600 1734 1
60 346 472 4
