100
23 1821 1880 1
62 464 568 6
63 4563 4707 6
53 4947 5002 5
86 3678 3795 9
13 1452 1565 8
64 2292 2453 8
91 3384 3548 3
97 2153 2299 2
65 2159 2240 5
42 3830 3933 8
90 2143 2244 4
10 1163 1241 6
19 690 787 6
44 4499 4605 6
24 4870 4990 2
89 4842 5020 5
21 3323 3419 9
16 3158 3259 9
82 113 256 7
30 2822 2951 2
64 14 145 7
47 563 649 4
68 656 772 4
12 1573 1614 1
16 748 843 9
82 2511 2667 6
28 205 262 1
79 279 438 9
47 2410 2460 4
67 2910 3049 3
41 4428 4508 9
92 3388 3549 3
39 1792 1838 10
12 2315 2375 4
49 1959 2097 5
79 1514 1677 10
46 4738 4860 3
27 2896 2923 9
33 956 989 5
60 2621 2771 7
52 996 1104 1
61 4216 4326 9
14 4223 4278 5
59 4242 4344 7
49 4770 4853 1
33 2878 2928 8
47 2514 2602 5
15 2476 2518 10
58 4714 4788 9
23 3424 3480 8
70 3611 3781 1
21 4051 4103 2
20 2255 2360 6
94 1534 1697 5
89 3076 3180 9
35 1809 1851 1
67 904 1050 1
40 1454 1501 2
48 3082 3145 9
68 3604 3765 8
31 3581 3650 6
62 4179 4306 1
80 721 807 7
81 4371 4474 4
26 1866 1921 10
34 790 840 3
53 2842 2934 9
24 952 1031 10
35 2246 2352 9
19 380 471 3
47 2765 2902 2
43 2496 2621 8
26 2262 2361 3
83 137 304 6
10 3521 3592 6
20 2077 2154 2
81 3729 3870 9
83 2419 2537 8
69 3674 3829 8
91 2255 2384 8
66 3940 4030 5
71 1068 1144 4
35 787 883 6
63 4238 4353 3
18 3187 3281 3
52 759 838 10
94 1930 2111 1
37 2853 2929 6
46 1560 1697 10
98 244 434 7
27 4916 5030 4
11 1549 1622 2
61 3782 3934 8
18 3333 3376 10
80 3329 3421 2
59 884 983 1
14 2985 3082 10
42 2526 2629 8
90 4464 4648 6
