300
40 10526 10612 21
64 2069 2190 24
73 7911 8042 27
22 6266 6314 26
10 2139 2224 13
38 817 901 26
84 5269 5375 5
90 6227 6395 29
17 4670 4748 14
24 8925 8979 22
82 8834 8999 30
81 11178 11271 22
11 14125 14153 18
48 4870 4963 22
77 5018 5141 15
42 2625 2671 26
43 9138 9195 26
73 8237 8406 15
11 8930 8964 13
91 12528 12692 3
75 14706 14808 22
91 10556 10667 2
84 9852 9999 21
47 7131 7265 9
52 5508 5626 14
19 14197 14263 13
96 14169 14268 24
88 4072 4169 10
24 13919 13957 12
12 13974 14000 14
83 9790 9916 25
41 946 1073 9
81 6377 6554 13
14 5306 5401 18
59 4751 4846 23
19 7795 7857 27
44 9719 9828 2
98 4120 4273 21
22 14212 14247 20
47 4695 4781 20
66 751 863 10
47 8668 8766 3
67 11649 11788 8
95 6359 6516 5
82 5552 5689 15
14 12432 12478 3
11 5041 5060 29
78 11478 11633 2
53 10542 10656 7
72 8695 8796 24
19 4884 4981 8
31 3722 3831 20
45 6411 6506 26
87 5020 5166 2
46 5892 5963 4
43 5020 5073 11
56 2258 2399 29
48 6837 6951 9
45 5156 5203 19
50 10910 10967 9
47 13113 13191 17
70 10734 10845 4
56 1726 1828 12
84 11075 11161 22
27 312 400 7
78 4146 4311 30
75 12729 12845 17
47 13619 13764 22
66 4173 4276 20
32 9534 9656 13
78 2972 3143 22
36 6623 6731 3
84 1660 1808 21
86 1215 1399 18
43 8994 9058 19
25 4367 4456 29
99 6188 6287 10
26 655 731 23
12 11645 11710 23
70 10829 10976 2
87 7501 7643 26
57 8862 8943 26
90 8353 8500 20
52 4610 4750 11
87 1154 1275 3
79 1369 1523 26
81 3804 3957 29
63 4095 4193 10
85 10772 10936 19
47 7675 7807 23
94 988 1129 5
24 8429 8540 30
54 9980 10051 14
25 13080 13112 9
63 3921 3998 7
50 3717 3823 11
82 9002 9129 24
13 10770 10859 25
62 5576 5658 6
92 12226 12393 2
49 8597 8665 1
21 2574 2637 29
88 12021 12203 22
94 13389 13495 9
15 1685 1751 4
94 12647 12752 26
56 12665 12809 30
80 9337 9515 7
55 3036 3159 22
39 5813 5854 21
13 7873 7954 30
40 5955 6011 7
98 8466 8625 2
41 5814 5877 18
59 2774 2837 10
89 14846 14960 16
84 11346 11482 26
30 11672 11757 2
50 13698 13785 8
51 7087 7180 11
27 14600 14683 18
79 9248 9363 30
51 5823 5916 14
71 1433 1527 18
13 2328 2435 20
70 8223 8309 10
94 5427 5570 21
14 12669 12769 25
21 216 310 19
49 2249 2340 9
16 3429 3447 21
35 10565 10638 28
52 7215 7339 18
40 2002 2096 25
35 82 175 9
22 13822 13913 28
40 13261 13317 30
54 6159 6234 26
46 10729 10821 26
39 3466 3507 16
22 2057 2148 13
51 5589 5687 21
67 6562 6632 17
34 14214 14326 6
83 8654 8763 16
44 4174 4265 9
25 12569 12618 26
42 5996 6097 9
15 9771 9885 30
48 11822 11886 22
32 6430 6537 16
61 2173 2285 5
51 2002 2105 7
89 6628 6737 12
97 14074 14194 17
57 10781 10924 20
30 10720 10790 1
97 14157 14329 22
52 6985 7090 7
14 9941 9992 17
64 793 900 26
14 11382 11444 1
50 7139 7210 1
75 2733 2835 21
67 11178 11253 5
50 6721 6816 5
21 4560 4632 26
83 4149 4291 3
40 13750 13844 6
81 10516 10645 17
38 5791 5844 5
97 8151 8298 6
92 3678 3797 23
82 9920 10070 2
35 13165 13256 3
15 14327 14363 16
97 1002 1166 23
38 14274 14385 20
73 12317 12456 9
58 4469 4563 11
77 11211 11305 18
38 3868 3917 23
88 12465 12554 18
46 13823 13896 11
81 13315 13414 22
30 5880 5996 8
45 4132 4257 25
77 9985 10108 4
92 7050 7219 25
97 2598 2696 14
34 8031 8086 6
35 9067 9169 6
48 11556 11688 23
29 9642 9759 12
88 11405 11523 13
55 12681 12835 30
29 14460 14502 14
34 5425 5550 10
48 14294 14394 17
44 10337 10391 2
76 4307 4418 11
84 7543 7700 6
41 14464 14578 2
25 5739 5770 11
66 11366 11473 19
17 2141 2235 2
50 73 145 9
24 5134 5209 6
41 12052 12180 5
42 4795 4897 6
46 14124 14215 5
86 574 683 18
43 1027 1086 13
24 14179 14298 11
67 2540 2635 7
10 8503 8595 24
45 14690 14811 24
28 12151 12269 4
12 12078 12189 15
39 2396 2474 21
98 6467 6584 23
76 13787 13889 9
47 3774 3913 2
57 13192 13260 14
55 14692 14820 23
59 10476 10597 19
13 13332 13439 16
80 3501 3676 16
94 4809 4935 30
32 9235 9319 21
33 9994 10064 27
64 4090 4155 8
56 9348 9430 28
10 8121 8135 21
26 5043 5078 27
34 10963 11042 18
83 4748 4889 11
63 4682 4827 16
87 8833 9007 29
78 7336 7436 10
74 7766 7938 14
44 13008 13075 16
53 12241 12388 3
73 9666 9743 1
14 4313 4384 6
67 13022 13150 26
76 2352 2433 30
16 1554 1610 1
12 1496 1606 11
96 14170 14271 29
14 11159 11236 24
12 4512 4596 15
67 13185 13286 18
53 8528 8678 6
67 2867 3001 26
39 9871 10004 4
10 2915 2979 14
59 12845 12983 2
77 1611 1724 13
37 1326 1408 14
71 6570 6661 19
78 6505 6600 1
76 9451 9598 20
96 2794 2949 21
29 9676 9779 14
18 6988 7064 18
19 6671 6740 15
59 602 704 11
52 7585 7677 12
43 814 917 10
15 5670 5692 25
26 89 188 10
17 6039 6062 7
34 11676 11749 9
19 11038 11074 8
48 828 898 20
89 5373 5499 14
18 13318 13352 11
58 756 859 24
72 12006 12161 29
85 12648 12733 14
68 6589 6750 11
65 14006 14135 17
42 10110 10246 17
41 8457 8587 5
61 2393 2497 12
25 12027 12083 6
24 8261 8306 8
29 2885 2973 20
79 6320 6457 14
87 3882 4068 11
80 2224 2307 13
92 13814 13939 1
87 10308 10397 10
20 5213 5320 13
45 11866 12010 20
51 10449 10558 16
97 10822 10932 12
74 8210 8325 23
83 10065 10201 4
