200
41 9441 9581 14
73 8980 9098 7
48 4196 4323 9
20 3457 3549 7
60 8055 8192 13
27 2502 2574 7
88 3144 3257 9
15 5940 5993 19
90 9499 9650 17
59 7410 7551 5
37 2172 2294 5
17 7430 7461 17
77 6893 7056 5
99 7504 7644 8
74 6467 6625 9
38 5315 5445 15
17 2384 2490 20
99 2441 2589 6
32 2316 2397 18
96 1962 2121 15
52 7449 7548 16
52 9788 9888 17
75 2132 2228 16
81 2703 2797 20
58 9651 9774 11
16 4261 4291 6
53 5690 5780 17
29 1795 1831 5
96 1024 1196 9
22 7296 7387 4
93 2926 3034 16
64 5650 5727 11
94 8352 8532 16
24 1365 1442 17
28 5244 5353 2
82 3109 3273 11
13 1808 1878 1
16 5619 5645 1
90 6085 6232 7
44 9418 9499 17
43 2292 2393 5
97 4223 4387 19
26 8446 8546 4
66 2418 2494 5
60 2085 2225 20
13 6420 6528 6
45 4757 4826 17
97 5305 5421 9
68 618 762 2
64 9197 9296 12
35 1983 2080 12
14 4825 4921 3
37 178 216 10
32 3680 3738 20
32 2356 2451 16
62 7876 7948 10
13 8211 8316 9
80 2564 2722 9
82 4079 4196 10
29 2534 2564 9
47 3607 3658 10
25 6431 6526 16
14 331 442 18
99 2987 3133 19
11 7382 7420 20
19 2792 2902 1
15 3231 3283 13
26 2916 2983 4
96 3589 3727 1
89 5142 5247 13
75 8640 8812 3
25 4830 4929 9
96 5995 6101 19
29 2150 2202 3
55 602 681 18
89 9193 9378 15
32 8723 8803 2
71 5211 5373 15
70 6074 6243 20
38 1469 1512 1
92 883 1039 16
23 6548 6667 5
66 6548 6618 1
44 1967 2015 6
59 6445 6508 6
56 8443 8548 14
39 3278 3393 9
75 9616 9727 4
47 3925 4042 1
28 3046 3166 11
35 9142 9265 9
74 4463 4627 13
69 4264 4369 5
20 3821 3865 18
30 4539 4583 6
25 2651 2734 12
57 5961 6051 10
53 4998 5073 11
63 7887 8002 15
94 2281 2385 4
32 351 450 14
25 6855 6928 4
43 5926 6025 6
29 8649 8739 7
90 7572 7745 8
24 3459 3524 18
92 8964 9146 2
93 8641 8811 16
84 1035 1217 3
28 3876 3935 6
16 1322 1387 14
44 8028 8152 4
34 8858 8957 11
44 9325 9420 13
86 7036 7159 3
27 6111 6184 7
49 2919 3049 9
72 8859 8986 6
37 5579 5660 13
39 4726 4842 11
57 1910 1991 19
61 2307 2468 11
13 4828 4921 6
17 1163 1258 19
61 4840 4955 15
72 7566 7647 3
72 8758 8878 17
97 6133 6283 5
60 9444 9593 19
22 3518 3579 16
51 9363 9488 11
25 161 252 7
85 9821 9977 19
31 9871 9926 17
51 6086 6204 19
19 7451 7553 4
25 2549 2671 20
89 6987 7146 16
86 429 564 9
92 1341 1469 7
47 426 483 5
59 9792 9920 16
48 6915 7038 10
60 425 500 2
99 3192 3368 6
85 8612 8779 11
84 6795 6974 1
12 5854 5923 15
68 1520 1659 19
92 5791 5926 20
33 3782 3913 20
29 7899 8000 1
90 525 630 16
17 4770 4831 10
77 4556 4648 18
54 3614 3670 3
86 2398 2581 11
45 2633 2766 18
78 3419 3521 18
73 2765 2905 7
13 633 688 11
46 5973 6116 15
13 6989 7053 9
41 1755 1803 8
90 5704 5843 17
61 9566 9727 9
45 1028 1113 7
42 5575 5710 11
60 4547 4698 18
18 8685 8730 8
61 1681 1769 14
80 4346 4499 12
76 1263 1340 11
49 1046 1102 12
92 2860 2964 1
97 425 557 2
38 908 1046 14
53 2218 2341 12
49 4520 4636 17
88 5812 5926 13
95 8887 9068 19
61 9209 9359 9
14 4328 4346 13
80 4354 4519 6
52 6263 6346 7
65 8208 8306 19
34 2951 3054 17
88 3307 3426 6
90 2742 2906 1
78 110 261 11
13 4150 4200 10
74 2928 3003 13
10 4396 4455 1
32 2119 2237 5
72 3797 3952 11
21 9156 9201 3
23 5067 5105 15
33 1883 1948 15
12 2134 2192 6
85 8261 8367 13
