250
23 3392 3422 15
59 7033 7121 4
12 1336 1428 23
62 2641 2771 12
71 2433 2572 16
15 4196 4218 15
64 3987 4141 14
66 1128 1206 17
48 7061 7130 13
97 11441 11635 15
18 6893 6935 1
84 8164 8301 24
55 4454 4566 5
94 1222 1384 13
67 2366 2452 19
82 4042 4126 9
43 9657 9738 10
23 706 739 21
46 7481 7533 18
99 10230 10330 7
85 1365 1541 20
69 10044 10118 11
22 8371 8457 11
64 8810 8900 23
48 1390 1477 5
20 636 722 15
12 10227 10310 15
70 3289 3394 10
97 8878 9016 19
66 8546 8667 2
40 1400 1511 15
59 1204 1305 19
89 5144 5274 20
95 5264 5457 8
22 5141 5174 11
23 5809 5853 4
62 11445 11549 2
40 1081 1211 17
91 12004 12109 19
64 4247 4385 22
48 1830 1923 2
42 5998 6091 18
62 3382 3477 20
97 6573 6754 3
81 9216 9320 8
70 3450 3559 17
75 1902 1984 12
72 7453 7571 1
62 8306 8368 18
86 11024 11204 15
48 2879 2998 19
66 10147 10267 20
72 3106 3245 15
58 4464 4608 21
80 2183 2350 5
94 7931 8110 11
90 3454 3633 10
15 2060 2111 19
36 8455 8567 13
59 10492 10572 4
40 5153 5282 1
72 10866 10951 16
20 9318 9375 22
29 6259 6367 6
96 8406 8566 10
13 12309 12385 25
12 2469 2515 19
92 1474 1624 25
46 142 270 6
51 8562 8679 8
19 6818 6928 12
98 2448 2548 23
25 11354 11445 17
27 3662 3784 8
64 11056 11199 2
23 6932 7035 17
68 4401 4488 18
97 2834 2999 2
41 5367 5469 7
54 4576 4729 17
48 193 307 16
15 5589 5610 2
48 6734 6785 1
53 7132 7190 2
55 4388 4527 17
28 1196 1300 4
41 8625 8679 12
80 7541 7647 8
89 10602 10777 7
69 2989 3131 5
54 5604 5661 14
52 8525 8677 17
95 5622 5737 3
21 4170 4290 20
56 10668 10779 2
55 3672 3764 13
29 10110 10212 11
22 9896 10014 19
34 2112 2160 14
42 9900 10005 12
45 4537 4602 13
61 9383 9495 5
98 4923 5064 2
49 977 1034 12
82 11567 11712 9
67 5490 5559 15
26 8992 9032 11
18 6032 6069 10
49 3992 4104 5
63 9996 10064 9
54 1989 2061 8
35 3377 3426 16
54 4634 4710 13
73 2896 3058 15
81 2621 2731 3
17 3919 4021 15
86 10798 10931 18
89 12040 12134 24
46 7855 7931 22
47 4987 5047 24
47 8501 8621 12
13 8222 8267 21
57 4700 4813 9
72 3449 3610 14
94 11838 12026 24
78 2988 3153 23
53 11806 11866 1
29 251 357 3
75 4498 4622 16
22 2986 3025 25
15 8277 8357 5
66 9005 9120 2
57 442 552 2
27 5478 5531 5
65 6579 6676 16
36 6542 6645 9
12 708 773 11
23 8831 8882 16
56 6554 6630 6
63 12312 12447 10
85 541 694 5
63 6042 6194 16
25 10214 10263 4
58 3213 3359 20
18 4417 4481 3
96 5155 5344 23
78 11736 11822 5
22 6607 6629 13
80 6145 6325 1
99 3718 3893 20
99 4809 4995 12
35 8058 8186 24
67 10808 10952 1
84 7254 7425 1
72 3831 3987 6
45 11564 11658 1
98 8400 8570 5
26 1912 1947 5
71 2697 2774 4
98 6756 6939 13
85 1279 1403 11
79 3003 3147 9
21 5209 5323 15
35 3019 3118 14
71 8647 8777 4
50 3196 3323 10
61 5573 5678 12
72 8549 8704 10
66 8698 8804 9
54 4516 4650 17
49 12052 12118 19
32 5125 5222 17
35 8874 8982 23
27 10424 10526 8
99 451 588 18
24 5587 5698 17
60 2284 2403 18
69 8247 8404 13
98 1276 1434 7
53 11859 11923 14
16 944 1036 19
71 7631 7762 6
25 1838 1948 5
17 5832 5905 7
53 4270 4408 7
85 4623 4801 6
86 5510 5672 23
54 5510 5614 13
97 6272 6458 16
32 7921 8007 4
41 4596 4718 5
70 7551 7691 5
69 258 403 22
68 273 368 22
49 1682 1753 23
94 8091 8274 3
90 5688 5830 13
15 6897 6976 3
55 8974 9070 13
96 1436 1532 9
14 7101 7186 10
29 11175 11219 16
30 5782 5837 23
15 5382 5417 10
90 2001 2114 25
71 4274 4394 23
31 2639 2770 17
85 9352 9529 4
83 7534 7698 16
74 7319 7429 3
26 5972 6077 22
72 11296 11434 5
41 1469 1567 2
21 1694 1786 11
69 6880 6978 25
18 2600 2640 14
84 7594 7685 10
92 5509 5698 19
29 1290 1330 12
32 9662 9770 14
33 3831 3920 12
29 12028 12057 14
71 2780 2871 8
73 8090 8173 21
98 8702 8837 10
30 7925 8007 10
92 4043 4219 9
10 11164 11253 24
61 5071 5165 16
65 5768 5891 1
94 8972 9117 8
13 4228 4243 11
42 1932 2061 7
73 6970 7063 4
38 10467 10516 2
59 8879 8961 6
17 4719 4826 18
58 256 336 22
52 3442 3497 1
88 5907 6094 13
88 4681 4816 10
42 9128 9258 20
89 10923 11034 16
64 3052 3116 21
65 7544 7631 14
66 8120 8226 1
76 4908 5066 12
43 1875 1981 17
71 5764 5860 15
92 11344 11508 17
