500
34 13125 13232 49
30 1642 1767 2
73 12676 12836 45
35 1677 1751 40
31 22664 22780 18
34 23012 23125 14
38 20615 20729 18
26 4826 4853 12
60 3571 3665 50
99 16478 16586 36
24 14950 15009 2
52 16403 16534 25
32 20791 20849 44
68 5935 6022 15
88 5860 5991 25
54 5657 5754 36
77 18403 18566 38
60 7839 7971 17
50 20923 21008 20
34 2910 2946 45
19 24294 24390 11
49 119 215 44
46 6989 7098 29
96 3593 3771 46
36 20188 20232 39
69 15551 15672 12
62 13132 13206 49
83 9472 9557 14
28 10127 10179 14
93 24436 24600 45
95 17023 17125 41
33 7398 7438 26
73 19570 19722 12
53 17464 17558 27
94 2905 3005 23
65 6003 6153 25
54 15826 15946 18
47 5369 5477 18
74 9790 9884 21
13 7550 7628 29
80 3181 3263 15
10 18276 18378 36
23 1390 1430 27
87 4004 4150 24
18 23773 23828 50
55 9958 10098 3
12 12302 12358 50
43 14444 14521 37
65 17520 17664 31
32 1623 1701 15
76 11798 11924 6
73 8788 8920 27
68 14920 14999 43
28 17348 17445 18
40 19789 19903 1
49 1811 1883 15
41 19000 19058 30
74 10255 10355 25
42 13490 13534 5
49 24099 24154 48
42 9314 9389 40
42 5976 6056 17
26 16667 16741 27
61 17805 17963 6
49 1727 1804 27
33 16024 16107 21
34 20762 20887 19
20 19525 19622 34
74 3838 3996 46
98 499 603 50
81 20596 20777 49
60 1714 1872 6
15 15994 16102 33
71 18162 18333 28
75 2958 3117 25
79 15804 15983 33
75 20904 21038 43
81 17188 17319 25
86 3335 3495 20
64 18231 18301 45
19 18202 18222 43
51 4407 4547 1
11 7803 7850 31
50 15935 16052 38
42 4862 4939 4
35 15796 15899 40
86 9535 9626 41
51 22507 22641 35
82 8699 8831 24
67 14698 14845 36
63 22314 22453 6
32 1503 1548 3
87 24572 24741 15
48 21726 21860 13
88 8608 8768 35
79 18011 18103 32
90 2239 2394 39
64 20999 21132 19
94 8206 8310 34
83 21906 22079 44
38 3926 4033 48
66 8367 8482 34
40 10824 10890 43
44 18212 18274 12
39 10523 10650 13
60 8684 8766 26
23 203 286 25
95 4684 4873 15
44 10032 10158 46
31 23998 24124 50
33 20655 20739 28
48 4689 4821 13
79 8248 8375 1
44 20968 21017 24
29 9191 9232 28
49 3662 3724 5
23 12267 12387 5
38 4591 4637 29
96 7239 7385 29
55 11192 11311 35
39 9844 9888 36
51 8898 8953 49
26 7051 7176 41
63 18900 18997 16
27 5375 5440 13
73 4039 4175 36
12 6722 6797 38
32 5738 5775 14
39 5970 6093 28
27 18024 18056 8
27 18110 18237 12
29 8938 9024 15
58 637 784 49
38 10496 10582 41
94 18155 18310 35
51 21223 21310 5
10 12280 12310 46
46 4594 4640 45
87 19231 19409 2
39 18560 18643 22
75 6240 6395 32
37 8470 8575 13
74 10505 10661 39
52 12193 12299 19
99 22686 22879 10
99 14775 14889 29
41 18776 18883 36
53 1868 2003 11
12 1468 1560 25
65 23834 23934 6
47 17836 17905 6
31 8050 8148 8
71 5408 5578 1
93 17353 17477 16
52 23239 23325 5
31 13928 13993 47
28 24240 24319 43
26 13813 13883 4
24 21466 21494 49
22 17957 18026 11
30 1915 1965 41
76 24006 24112 28
27 1537 1574 18
79 14740 14899 42
50 4563 4652 25
50 18503 18615 33
86 24465 24650 25
86 9035 9213 18
35 15196 15296 31
27 16739 16865 3
36 16782 16915 10
34 1025 1065 7
41 5953 6001 44
81 4090 4198 23
10 8143 8200 16
77 7106 7214 15
78 7286 7418 23
72 8819 8979 21
92 6833 6947 26
50 18214 18321 1
18 20342 20452 35
87 19095 19230 30
93 7842 7954 37
67 23227 23351 49
27 5470 5509 49
36 11470 11510 42
62 1779 1941 38
81 4454 4597 26
67 16479 16586 31
39 19162 19268 10
45 22393 22503 42
32 5372 5452 24
92 19566 19674 10
51 16288 16395 14
43 18544 18663 17
63 12596 12692 5
99 15251 15388 36
58 24041 24121 23
85 15346 15524 4
46 10697 10802 29
53 21167 21315 48
84 1996 2094 17
30 19581 19611 3
39 14331 14401 19
47 22900 23031 25
26 23343 23384 9
24 24114 24232 50
58 5371 5434 18
49 3417 3471 29
80 7614 7779 3
69 20520 20617 35
93 10427 10559 24
46 11930 12066 26
96 16091 16259 10
55 16366 16466 49
30 12322 12391 25
62 4955 5039 37
21 7607 7716 34
47 10440 10515 43
99 16538 16672 12
55 14570 14648 34
53 15819 15943 22
27 22420 22471 28
36 5911 6010 6
95 15980 16173 42
83 2759 2915 12
85 708 856 40
47 13393 13513 23
16 9661 9722 1
15 22983 23007 15
18 17671 17775 38
18 12404 12485 47
21 24132 24189 45
79 10418 10585 7
72 9008 9095 18
17 16475 16525 9
80 23491 23626 50
57 9240 9331 19
37 9147 9277 30
94 23647 23788 26
13 11968 12024 14
65 22579 22680 34
19 21446 21474 26
78 10678 10765 2
72 499 574 40
75 17540 17683 7
35 17828 17961 50
97 22324 22457 5
38 23974 24034 13
71 16216 16357 7
70 15979 16068 18
67 7240 7343 34
37 9678 9787 32
28 4215 4251 25
67 16390 16525 35
21 20413 20495 13
12 13130 13153 33
77 23278 23382 23
88 11828 12014 23
36 15158 15237 48
16 494 599 19
41 14068 14166 22
92 11799 11912 35
34 5237 5278 24
76 22088 22228 1
23 11816 11842 8
58 8561 8620 46
78 6752 6864 25
88 15468 15637 40
77 6020 6176 34
19 11885 11932 27
92 2503 2640 17
69 2562 2705 2
27 22774 22882 27
89 23421 23575 36
60 478 583 17
21 3356 3468 30
60 6181 6312 24
14 7823 7865 7
71 19802 19899 28
56 18452 18554 8
69 15728 15841 28
44 20702 20780 32
26 12557 12610 1
32 15154 15254 42
27 11275 11354 36
66 17034 17100 30
69 10074 10214 50
84 7339 7428 46
66 24570 24660 1
72 10848 10943 27
37 908 1032 25
80 24646 24817 3
26 24279 24333 50
62 17849 17926 28
75 10946 11050 45
67 5144 5299 12
68 19349 19487 2
15 19627 19668 10
50 2031 2152 25
94 8022 8179 4
43 10881 11013 6
51 17644 17716 14
21 5053 5126 36
68 2615 2688 20
57 6200 6294 6
62 2284 2366 35
37 9112 9236 12
97 18512 18640 6
30 14484 14580 26
46 14733 14879 24
67 12888 13039 50
32 15090 15183 3
14 3093 3149 28
22 22986 23060 49
52 23506 23581 50
53 2709 2856 48
85 16406 16589 46
71 17487 17574 1
29 22420 22468 25
50 8427 8502 43
49 6568 6657 10
72 13166 13294 18
75 15121 15209 42
79 6720 6853 1
89 6499 6679 10
69 7904 8006 50
53 4352 4430 46
63 16240 16347 12
27 13116 13198 34
15 10731 10801 49
58 10651 10746 14
86 24213 24329 1
68 23316 23465 16
73 11119 11248 48
20 18395 18502 18
13 7157 7240 33
92 827 998 5
79 8111 8279 9
90 14877 14984 4
41 10348 10439 5
92 3522 3708 24
50 12341 12433 22
98 28 212 41
59 29 143 9
37 15573 15624 44
13 6529 6602 3
91 9918 10072 48
89 12229 12342 31
19 829 857 28
25 1704 1810 31
81 13522 13642 7
22 1029 1089 13
41 23845 23944 27
98 1251 1357 35
65 11888 11999 30
13 16948 16981 28
97 14981 15131 18
50 15443 15552 14
75 14569 14682 48
51 12271 12410 6
62 13848 13976 15
57 1414 1472 28
58 6707 6819 6
79 13179 13260 26
89 17415 17528 23
22 10760 10852 44
22 950 1052 26
97 16789 16933 20
19 12542 12604 13
47 3181 3319 41
81 15582 15763 24
96 22223 22391 12
29 8519 8574 37
12 5698 5755 8
41 20511 20572 42
30 5109 5203 40
51 8819 8901 27
23 23826 23860 33
44 18076 18172 46
73 16878 16970 45
69 19280 19441 31
29 7169 7254 22
72 24654 24800 17
79 4517 4649 38
12 11002 11060 40
23 12508 12615 31
80 4047 4185 11
92 11351 11507 38
57 4004 4069 47
94 1229 1365 29
28 22258 22343 25
35 3031 3149 43
90 8889 9029 8
72 389 524 34
46 4139 4264 27
91 11047 11212 32
21 17941 17980 20
43 6534 6618 1
14 5660 5717 5
75 24152 24319 40
46 1829 1880 42
15 22883 22981 29
45 7220 7350 29
19 12048 12150 44
11 14538 14554 38
67 18381 18493 7
95 3414 3606 16
46 19288 19360 44
78 2025 2131 38
92 11378 11518 1
86 22851 22972 25
44 6581 6668 39
44 3836 3976 39
71 11168 11267 25
13 4508 4611 34
91 11558 11731 31
75 2472 2642 47
26 2380 2503 37
23 11529 11632 8
57 15805 15940 50
48 2547 2603 25
64 11047 11142 38
33 10955 11080 42
19 10143 10219 36
17 337 360 47
99 16761 16895 38
61 6272 6345 4
11 3254 3275 10
41 23923 24059 32
35 22230 22282 28
25 7761 7797 32
22 389 430 24
80 5365 5495 10
56 12492 12591 19
96 3774 3925 42
28 15190 15267 16
63 6217 6366 12
43 3518 3648 34
70 15738 15888 46
73 1059 1140 30
80 3912 4038 4
33 23256 23349 17
64 193 263 3
63 2414 2534 37
58 7667 7820 17
94 18238 18426 16
97 8621 8729 4
89 24475 24591 7
70 11786 11949 15
52 2086 2169 41
71 12488 12601 39
52 14701 14821 31
45 12343 12391 37
81 14853 15023 41
44 12825 12885 9
82 5620 5766 2
82 4489 4663 31
72 22536 22647 27
38 3660 3775 31
85 10407 10527 13
36 6904 7036 16
41 2531 2607 26
36 1232 1289 23
79 6559 6706 40
13 10910 11002 50
65 12826 12925 28
71 14695 14823 16
54 5592 5727 37
75 16309 16457 2
35 5892 6005 26
96 13944 14042 37
14 14202 14314 34
34 12562 12665 18
62 20366 20434 28
11 23976 24066 34
43 15143 15230 14
26 8464 8583 15
18 20699 20737 22
92 15 207 23
79 17365 17453 7
36 2284 2387 26
57 9259 9380 24
53 16193 16296 23
45 12459 12582 12
45 8905 9034 35
52 16997 17140 19
22 12680 12708 45
66 23669 23804 26
67 575 704 22
24 13336 13406 32
76 662 784 14
84 900 1040 32
29 11764 11804 18
54 22227 22363 2
20 22986 23083 36
13 6053 6153 26
28 8234 8315 17
52 23758 23865 25
81 18392 18526 20
