450
38 5553 5631 41
96 10783 10909 38
85 6812 6951 33
21 11839 11869 25
83 5368 5470 2
28 5864 5938 36
11 14949 15015 5
47 4986 5034 39
49 5184 5315 17
65 12432 12560 33
33 14702 14823 26
25 7331 7382 43
69 12934 13028 11
28 2220 2317 43
31 11978 12061 17
95 20535 20725 15
16 10758 10832 15
89 9754 9860 20
12 13660 13711 36
93 3301 3425 14
12 19983 20001 23
43 3752 3880 1
75 7623 7767 33
76 11923 12028 25
57 22158 22279 38
22 20703 20757 28
27 14952 15011 9
43 9290 9359 40
32 250 324 19
63 4452 4610 15
88 9615 9766 27
15 5655 5713 3
63 7242 7362 30
86 1869 2043 37
99 13252 13394 28
55 18812 18895 3
35 10208 10294 38
56 5720 5846 19
64 5728 5840 12
79 16056 16215 16
80 22252 22398 16
61 2991 3097 4
47 16463 16531 26
94 21954 22128 5
89 3898 4080 22
52 16155 16219 37
92 6173 6288 22
54 10750 10871 29
39 965 1052 12
53 12427 12549 16
20 10516 10553 17
56 12768 12878 42
24 19049 19145 37
59 8960 9042 37
89 1130 1309 26
23 10914 11020 17
50 11716 11797 19
35 16338 16461 34
90 3702 3845 43
34 11737 11855 15
21 14385 14490 6
13 2333 2446 37
86 7239 7400 28
86 2088 2210 8
20 18125 18174 2
29 1988 2022 7
64 6468 6599 39
61 12636 12779 40
92 7330 7481 36
29 20564 20602 42
82 6963 7071 20
55 11120 11246 39
58 9501 9572 26
70 14770 14934 8
82 11225 11354 11
34 18456 18581 11
52 18821 18969 31
47 19105 19223 9
81 7305 7395 22
58 11409 11539 4
66 18176 18268 38
71 12042 12134 3
22 22106 22151 3
78 16824 16951 7
98 11221 11331 22
57 5777 5896 33
58 1481 1572 18
88 12001 12123 24
49 16947 17076 30
77 20262 20381 4
22 9768 9847 38
63 12152 12308 32
41 2430 2528 2
88 10504 10667 23
47 22150 22248 29
83 14973 15134 41
20 5709 5796 30
68 13974 14053 35
56 14344 14451 3
90 2304 2430 4
26 13590 13626 33
24 1122 1184 16
90 4424 4574 30
46 5792 5919 33
18 5027 5061 5
21 12094 12186 45
69 21594 21691 13
69 2897 2988 44
19 14779 14836 10
42 13708 13758 5
57 3677 3741 28
28 7394 7474 43
76 3464 3613 24
88 17012 17154 28
97 4925 5023 36
54 16125 16202 12
43 6084 6131 11
47 15338 15452 4
68 4450 4541 9
36 10833 10941 17
60 15895 16001 2
76 10993 11162 31
47 3829 3969 19
14 15820 15906 34
19 22189 22248 12
94 20389 20540 22
88 8222 8341 23
47 11583 11729 11
27 15595 15704 44
48 17668 17803 44
88 11808 11898 7
39 20289 20377 6
20 9099 9186 13
16 20236 20303 18
15 2337 2407 12
37 5017 5058 37
43 13720 13842 8
54 6692 6773 25
18 2498 2595 33
92 15878 16060 27
73 16239 16320 43
73 6020 6125 33
26 15945 16067 31
49 3971 4105 4
82 20206 20342 16
89 11279 11368 44
62 2162 2294 31
68 21468 21595 13
24 2484 2541 7
15 9839 9886 44
10 3445 3467 45
91 1815 1932 12
54 10781 10856 27
18 3871 3985 24
98 10822 10940 4
53 5157 5253 8
92 19832 19929 21
51 7147 7258 18
92 7279 7471 43
69 6721 6838 10
61 19432 19541 33
51 15582 15634 4
38 13325 13401 27
89 20424 20519 19
98 1923 2027 18
48 2129 2187 45
49 4504 4629 17
42 8267 8312 32
48 1064 1183 19
78 18814 18933 38
87 5057 5161 28
35 17235 17301 18
61 6596 6660 40
63 1595 1691 14
41 2795 2899 20
28 14743 14794 12
79 16525 16681 3
79 4052 4187 3
36 4835 4960 17
75 5806 5903 44
84 4607 4736 8
94 20473 20657 20
67 2009 2085 43
58 14188 14328 8
89 17253 17386 3
52 3077 3167 29
37 10575 10675 40
33 2615 2651 13
83 6946 7073 15
46 14849 14948 10
50 13315 13444 37
55 6120 6180 21
29 19604 19727 14
64 11745 11907 29
71 18081 18189 42
75 17217 17392 22
17 1063 1165 11
21 17162 17232 29
90 21278 21409 5
61 6094 6231 45
98 3842 3995 45
47 20142 20216 44
17 1294 1334 20
43 16746 16804 45
33 7492 7609 40
55 11152 11267 29
44 6121 6261 29
52 9112 9263 23
99 11425 11600 33
77 13197 13298 22
58 16960 17026 31
91 3086 3183 26
18 16755 16783 2
90 13520 13617 40
48 11687 11773 37
63 6808 6882 17
60 19162 19245 23
48 20469 20562 15
31 17133 17169 22
95 905 1070 20
79 14819 14926 17
12 2159 2202 25
19 16852 16889 5
28 12108 12189 1
56 17672 17782 23
69 21436 21561 24
75 4761 4873 43
52 11042 11157 15
43 1159 1260 26
63 7032 7174 7
91 6614 6747 38
39 21257 21395 39
78 21665 21750 3
82 10838 10961 18
90 21174 21362 21
68 17041 17125 15
78 14898 15076 18
58 2590 2741 28
62 3038 3171 41
56 6560 6650 42
64 21777 21884 20
23 12704 12743 36
45 18957 19100 2
17 7095 7179 44
93 5771 5906 37
23 2835 2901 40
17 7291 7399 24
73 15597 15727 37
67 16022 16150 38
52 14430 14572 25
19 14837 14937 34
82 17283 17414 40
35 3697 3757 16
78 7506 7611 44
34 20538 20590 29
72 10587 10740 34
75 8171 8343 38
89 5476 5569 35
31 18517 18634 42
68 20151 20236 36
46 12706 12790 29
16 16775 16890 42
32 7798 7833 42
92 20727 20889 41
77 6713 6869 23
32 15624 15680 3
58 13246 13356 28
57 18783 18892 8
62 15685 15762 15
37 8446 8564 16
25 2937 3006 35
15 2326 2356 1
69 3923 4074 37
29 13796 13854 33
16 10549 10631 43
10 16639 16713 7
22 3118 3197 12
46 19590 19678 30
91 18419 18532 39
67 16458 16623 9
89 12747 12912 21
19 1871 1955 45
44 6271 6407 42
99 5084 5198 37
92 18038 18198 28
17 12488 12585 12
31 20747 20867 1
66 21737 21897 26
96 4279 4390 19
10 17683 17721 33
22 5750 5808 22
16 6340 6364 45
53 2693 2830 44
19 18168 18189 29
61 17469 17605 19
68 14535 14649 5
58 5326 5431 2
42 13520 13568 13
82 8028 8141 20
24 13170 13289 10
46 13282 13427 35
91 20670 20782 21
90 5351 5451 35
38 8033 8101 8
84 12021 12201 36
34 7844 7966 23
64 5537 5624 37
37 5285 5361 7
68 18206 18372 18
15 2012 2039 10
12 3754 3804 24
48 11428 11537 29
54 5319 5436 12
50 1146 1289 34
24 15167 15265 5
45 19869 19928 11
58 6664 6787 32
56 9326 9461 42
20 5934 6027 25
16 15613 15654 12
61 5282 5359 32
67 1932 2008 7
31 8391 8490 13
80 4690 4786 10
26 13919 14039 4
41 8563 8655 36
91 12458 12566 3
58 16394 16503 37
86 14095 14228 28
24 1719 1828 39
83 5471 5628 15
96 18009 18147 45
25 17420 17521 2
60 17602 17729 38
75 17490 17623 5
30 17359 17401 8
33 1452 1535 27
65 16582 16661 38
37 12436 12541 9
90 2956 3066 12
94 15440 15557 44
13 14217 14233 19
25 18997 19110 24
96 1994 2118 4
77 15075 15169 19
44 20479 20583 25
84 9801 9966 8
45 20060 20144 25
15 12976 12991 13
39 1980 2021 28
60 4585 4681 30
49 20570 20688 45
85 22238 22369 12
68 5945 6043 30
92 2265 2369 31
75 8745 8846 8
83 21084 21195 3
53 2415 2550 44
59 5796 5918 6
71 763 884 15
36 9593 9684 18
11 4841 4877 10
28 9731 9791 13
45 7945 8083 28
62 7041 7131 24
31 14677 14766 25
81 7565 7707 16
70 6671 6786 1
31 9440 9532 30
53 4127 4220 41
11 11037 11126 37
53 12015 12098 7
78 19399 19545 17
20 2783 2877 9
57 19789 19898 26
58 8906 9007 33
70 2518 2611 30
58 22184 22274 37
48 8179 8306 11
96 18955 19089 25
52 9251 9326 31
52 20444 20592 35
86 8119 8297 33
21 3904 4017 23
92 14064 14167 25
18 145 217 27
16 16408 16500 22
82 3019 3107 24
29 518 614 13
52 19715 19813 24
68 1005 1147 7
38 18909 19039 32
81 14045 14177 11
73 9221 9337 45
86 9320 9505 8
88 21912 22086 45
13 9617 9639 21
16 15463 15554 1
36 20037 20075 33
11 16623 16673 37
41 7557 7682 1
57 2158 2258 40
43 13525 13636 15
11 12451 12519 18
30 15960 16020 42
35 15584 15690 29
23 2817 2908 15
80 5499 5663 43
84 289 416 12
15 9296 9335 24
13 15079 15160 24
49 19013 19149 17
94 10923 11085 15
78 10478 10562 5
17 18838 18912 19
75 15234 15349 7
94 2300 2400 45
73 7868 7968 19
49 2329 2476 2
44 3619 3742 10
80 9507 9621 17
63 6141 6289 10
67 45 208 40
80 4598 4724 41
26 18721 18820 16
65 22235 22303 44
86 7807 7955 20
39 17433 17549 39
63 19514 19584 20
98 13758 13859 15
23 4395 4451 20
73 19135 19244 39
40 11456 11537 6
56 13307 13420 16
66 5110 5192 21
88 3479 3599 4
67 22031 22162 20
48 11047 11128 13
99 4659 4782 41
65 8393 8463 7
33 13322 13367 44
88 7999 8093 26
58 6763 6829 26
17 22076 22189 41
10 13151 13243 8
11 16999 17069 9
10 8284 8340 38
74 13490 13611 40
22 20851 20944 40
46 12343 12477 37
