350
60 10907 11042 8
98 5291 5414 34
39 15880 15954 20
59 6100 6190 25
87 3604 3691 2
87 4047 4181 8
13 6747 6774 33
58 11758 11827 15
19 12021 12123 16
70 2284 2400 25
45 16632 16719 24
77 10659 10748 26
93 16696 16883 3
99 4983 5113 19
80 4880 4981 11
94 16429 16552 4
61 4978 5076 14
89 4705 4882 33
89 11146 11276 7
53 3821 3966 15
41 13689 13824 27
68 8758 8925 24
23 3736 3848 15
16 3640 3742 22
92 7125 7296 14
29 8288 8402 12
13 16424 16446 23
80 13315 13456 7
15 3123 3220 32
42 2554 2655 20
68 3538 3706 14
41 1089 1170 3
22 4347 4400 20
95 16592 16717 9
12 14001 14081 26
92 8425 8533 15
27 8151 8180 17
40 16890 16947 21
72 12957 13088 3
73 2803 2944 22
89 12572 12757 10
47 15352 15415 6
49 11237 11344 35
59 16361 16443 12
47 11186 11268 4
83 14619 14763 8
55 12194 12255 12
70 9781 9935 22
71 5868 5949 20
83 15016 15175 14
30 10652 10688 18
52 1052 1200 7
69 8772 8867 35
12 16866 16897 26
20 7403 7460 25
41 2472 2552 9
91 13353 13445 31
24 15979 16085 20
30 14129 14168 22
71 549 700 18
28 4122 4237 19
52 5770 5916 34
99 10817 10920 27
92 12860 13036 25
54 8574 8710 4
88 5980 6073 16
67 5838 5975 17
84 13688 13848 10
62 3144 3259 25
30 4607 4659 23
89 4834 4980 18
36 2255 2349 24
90 9957 10122 30
70 12565 12683 13
93 3291 3426 26
96 14399 14568 33
92 8458 8633 18
21 1217 1285 13
32 3629 3753 8
21 9850 9916 8
36 12531 12601 28
20 7528 7563 29
82 6738 6903 4
72 11168 11329 15
36 15493 15600 1
46 996 1065 13
72 12806 12959 17
46 16385 16520 7
41 538 608 29
71 4749 4850 29
78 6388 6522 12
98 237 378 23
92 16352 16518 18
95 2877 3034 20
79 4485 4647 11
65 9791 9870 21
10 15858 15959 31
93 14077 14245 17
38 14335 14455 21
17 12036 12058 2
32 4250 4381 12
48 16889 16976 32
76 10476 10568 33
20 4324 4361 9
45 15704 15818 16
39 2829 2908 9
27 1163 1190 32
93 16575 16753 17
22 5950 6026 15
39 11668 11729 22
34 10477 10568 26
77 15287 15377 24
13 4628 4716 35
46 5759 5891 24
39 15727 15826 30
52 15162 15300 19
81 6739 6851 28
95 3376 3545 23
95 11604 11737 11
12 3857 3880 21
15 10750 10797 9
24 233 339 16
81 1423 1578 33
19 13398 13439 22
93 1508 1668 5
70 2094 2263 26
13 12056 12111 10
66 8227 8310 9
59 2033 2163 1
86 2529 2636 18
67 5680 5824 30
86 5171 5271 4
28 13154 13282 7
91 85 276 17
40 1826 1901 7
48 2458 2543 19
50 13577 13630 18
51 3949 4095 7
56 1515 1661 5
22 6252 6353 8
12 2865 2945 15
93 13586 13736 32
10 9635 9711 2
34 15952 15990 31
18 4252 4275 5
92 1071 1253 8
72 8604 8694 16
28 15556 15650 13
96 723 919 6
82 5701 5833 34
76 3452 3621 21
92 11146 11276 12
89 8880 8984 33
82 6475 6639 20
85 12846 12967 14
61 7262 7421 3
78 11782 11944 21
89 13223 13350 6
50 10483 10578 26
60 1701 1795 25
59 2431 2556 29
77 3925 4015 26
37 10115 10210 10
82 9313 9435 30
46 3865 3936 20
55 7593 7727 32
99 8984 9094 23
76 14179 14300 34
57 11965 12028 13
78 5299 5415 30
42 12734 12778 23
23 15970 16080 8
22 16618 16701 23
62 2106 2249 25
64 16650 16714 11
35 17168 17228 32
15 16809 16912 27
49 4150 4249 12
64 13827 13900 28
75 3352 3464 30
58 7210 7350 22
12 4125 4183 7
76 12530 12661 18
45 5032 5154 21
23 2920 3012 15
30 16476 16544 35
54 7253 7394 4
86 824 930 25
21 4370 4440 7
27 11170 11197 20
37 9765 9875 2
82 8937 9068 24
46 9238 9313 20
78 2877 3028 34
63 13240 13371 9
98 11009 11191 12
41 12231 12333 3
97 1712 1872 22
86 665 840 25
50 17170 17291 34
99 16361 16547 11
43 10950 11000 23
51 11975 12064 24
18 1600 1676 18
67 13257 13324 21
93 15586 15717 14
63 15882 15966 11
66 7079 7165 16
74 13641 13720 25
48 1597 1723 31
70 15272 15418 35
82 11921 12023 5
48 6476 6567 31
95 10111 10301 19
90 6014 6152 12
32 13802 13903 3
42 11842 11950 16
86 5052 5163 24
87 7391 7529 13
41 10403 10444 5
79 3405 3488 10
75 16515 16641 2
55 15432 15574 19
40 5722 5843 30
94 14562 14676 11
72 1701 1818 23
72 14914 15071 30
88 8195 8335 7
45 14265 14397 2
47 14525 14595 1
99 12878 13072 5
68 10827 10950 19
24 14193 14275 25
37 3743 3834 10
18 4891 4965 28
80 7547 7691 6
58 11980 12104 14
41 17187 17305 31
36 451 532 17
20 6139 6231 17
94 3487 3592 16
39 7843 7910 1
20 4903 4928 8
52 12289 12387 30
23 15346 15378 31
56 2071 2130 19
27 3190 3245 4
36 4704 4772 7
30 15815 15854 15
85 14893 15031 6
66 14668 14795 5
82 1961 2088 7
83 16250 16361 1
22 10402 10435 35
38 9269 9357 10
22 13042 13093 4
82 5696 5811 25
85 7391 7547 16
85 7900 8067 32
97 11714 11879 7
73 4580 4653 18
15 10814 10897 7
19 6294 6413 24
45 9463 9552 17
96 9595 9755 12
11 2227 2260 27
51 4279 4359 12
97 5390 5568 31
44 5569 5681 6
13 5197 5262 35
17 2865 2955 23
45 13209 13331 27
57 13912 14024 17
35 13983 14058 24
82 13394 13503 27
26 5431 5522 11
19 9710 9815 3
70 8639 8710 21
76 11135 11214 22
22 7444 7565 23
28 9012 9138 35
11 80 97 8
92 5834 5999 28
94 9040 9232 12
40 12134 12203 24
27 5351 5408 5
87 15290 15399 14
27 3667 3735 12
77 5458 5589 21
48 8868 9013 18
75 175 332 11
45 3874 3999 2
94 669 811 4
62 15715 15782 9
40 4970 5017 34
46 9177 9297 11
18 11064 11154 18
48 6750 6851 5
74 2492 2641 4
98 8371 8490 24
86 24 185 35
57 12473 12530 3
18 9219 9246 15
40 8440 8500 24
16 2725 2744 15
19 11480 11544 3
51 15314 15397 5
95 4386 4535 4
74 14056 14213 23
84 9026 9119 31
58 5441 5529 35
76 15905 16006 31
11 12905 12929 18
28 2923 2978 12
73 10708 10814 33
80 4687 4779 21
56 13763 13853 27
15 5896 6005 5
32 4218 4263 28
32 9694 9749 26
58 11324 11396 4
16 6921 6952 25
21 4665 4704 32
95 11333 11488 25
99 774 911 5
26 13651 13737 27
49 4324 4388 33
56 2536 2665 1
74 3876 3975 26
41 2345 2479 19
64 15226 15328 28
70 11917 12005 15
91 14692 14854 34
90 14387 14527 19
76 13370 13538 30
11 15777 15804 16
97 3640 3772 13
26 15152 15182 24
87 3416 3537 17
68 8062 8151 35
57 17042 17109 30
61 10062 10137 17
10 10727 10769 9
25 9066 9121 33
84 856 952 27
87 14803 14969 32
70 4904 5004 21
69 8997 9129 4
38 6666 6752 21
51 14251 14331 19
