400
16 15108 15131 38
78 16436 16528 20
76 16458 16551 38
92 7889 8018 25
88 12142 12286 28
85 6829 6971 14
72 7966 8111 28
56 18175 18307 8
98 10059 10189 13
60 8600 8731 39
86 102 261 39
17 14123 14208 4
44 18884 18984 13
52 7838 7912 35
70 1811 1894 4
74 14407 14538 2
17 19450 19510 26
89 17368 17537 16
41 15428 15496 39
39 11044 11104 14
91 8157 8271 38
24 9862 9940 33
14 2027 2134 21
70 5640 5752 13
15 15645 15688 8
35 8161 8267 34
70 4575 4691 33
72 18478 18574 19
22 14308 14381 19
83 15498 15665 18
62 7730 7837 2
96 2124 2235 5
10 9929 10028 4
34 1383 1510 19
20 14379 14428 10
78 16477 16620 7
13 11061 11090 15
48 11275 11351 3
10 476 522 15
82 11697 11868 22
74 16321 16434 9
27 18702 18799 38
81 19245 19414 13
85 8679 8822 30
65 16245 16351 22
57 3656 3762 25
20 2166 2275 25
20 5217 5252 4
71 17545 17716 12
24 994 1021 39
56 3136 3275 31
29 9110 9216 4
77 727 828 13
46 11491 11586 6
43 2043 2088 20
18 16944 16963 19
90 18830 18972 32
65 13046 13162 3
28 17232 17286 11
23 11959 11984 14
46 855 943 32
40 5522 5603 24
71 13263 13354 11
49 14908 14981 8
59 18738 18897 34
15 943 1041 4
34 18322 18359 14
38 11326 11366 22
39 3241 3348 10
62 3711 3855 18
97 7663 7844 2
27 12943 13009 29
43 11171 11228 29
70 17369 17495 7
34 10352 10414 12
26 6895 6922 17
60 14618 14724 16
10 5510 5572 7
72 4446 4587 23
88 7350 7468 31
45 2029 2137 14
13 4368 4477 32
83 7912 8046 32
60 6333 6434 3
22 6221 6264 37
25 12093 12213 37
39 11128 11213 19
76 5 102 26
96 826 970 9
44 16487 16586 3
17 13382 13438 14
15 13614 13727 33
48 12750 12898 30
11 13190 13208 15
87 7338 7447 20
25 4488 4534 11
63 2400 2524 33
13 15035 15111 36
32 15604 15672 35
11 17020 17093 13
35 14370 14456 22
16 8238 8274 40
66 3222 3358 6
30 13722 13791 12
34 7514 7638 10
56 17600 17660 23
86 6784 6964 19
13 10412 10431 36
68 5371 5486 26
54 273 421 30
61 3482 3614 13
55 5480 5629 26
42 4877 4983 33
80 18050 18186 33
32 16349 16437 9
12 12585 12607 3
53 14975 15044 5
10 1147 1199 12
37 5042 5132 11
32 19094 19152 2
72 5492 5655 34
41 4397 4505 4
26 18296 18398 9
56 16337 16443 28
27 10058 10108 28
52 8127 8183 6
65 3896 4029 23
93 6488 6597 14
18 11107 11192 40
16 9316 9373 21
11 243 344 24
71 4126 4234 21
70 15151 15321 34
28 8435 8507 16
84 5106 5290 11
84 7266 7369 20
13 6094 6113 24
89 3868 4044 9
49 14076 14206 10
21 9285 9360 16
50 3081 3206 20
66 17745 17867 5
34 2363 2445 19
41 18919 18982 30
89 6778 6914 13
70 15953 16108 18
24 18239 18311 26
22 18289 18329 35
31 18135 18250 14
30 3253 3362 27
14 4856 4942 4
48 14484 14610 2
31 9249 9358 19
20 15951 16034 14
97 1574 1727 5
47 960 1034 32
79 18186 18308 3
63 10029 10169 37
53 4803 4898 9
90 13085 13201 2
29 9882 9948 8
41 3889 3954 31
58 14663 14741 14
68 2484 2627 29
45 10128 10208 39
93 14891 15013 7
38 18234 18331 23
93 8662 8820 20
69 17406 17515 5
49 10356 10414 35
14 2949 3042 10
35 19034 19146 12
75 15556 15664 15
80 17036 17128 29
28 8401 8507 18
77 10986 11128 3
84 4787 4938 9
52 3308 3446 28
73 7093 7234 4
42 17814 17894 35
46 5210 5285 39
66 8668 8734 11
47 4418 4519 13
79 13366 13526 10
90 812 921 14
90 8581 8672 8
14 16265 16362 33
72 14492 14632 5
19 14159 14255 34
13 991 1034 5
74 3547 3700 29
13 8686 8726 31
12 4045 4071 24
65 13171 13335 25
10 17759 17833 36
49 14903 15005 21
76 198 294 28
89 305 492 39
56 6111 6201 29
32 3598 3723 37
72 18067 18164 20
23 4385 4467 37
79 7235 7365 34
86 8220 8367 17
84 6347 6487 11
21 6005 6029 38
10 10890 10919 33
64 12770 12848 24
49 5336 5458 29
99 12524 12630 14
68 12751 12884 15
86 8511 8626 4
25 10347 10453 32
67 1248 1341 28
57 7513 7654 31
85 2357 2498 11
82 4682 4795 16
85 17008 17175 34
46 7529 7606 30
46 4612 4677 18
34 9520 9639 26
73 11262 11374 6
92 5559 5714 24
93 5388 5568 12
81 13789 13952 33
57 11249 11371 4
66 13324 13420 35
85 8687 8793 31
65 9072 9189 10
79 17314 17419 16
92 2632 2760 27
61 17499 17616 14
67 9364 9444 11
67 10170 10277 40
23 1268 1328 11
23 3995 4076 31
76 6559 6674 15
33 2058 2166 6
67 16681 16754 9
61 6550 6652 13
39 18611 18654 10
99 6409 6597 17
80 18150 18318 18
29 15701 15802 13
24 9287 9388 2
54 1640 1722 21
54 8581 8735 1
42 7328 7453 5
26 11582 11662 35
36 13680 13780 5
29 3645 3689 11
15 13753 13847 31
83 11254 11434 2
36 11769 11829 31
94 19632 19767 5
80 16295 16381 10
65 13929 14016 10
90 17860 17962 23
49 5045 5188 18
61 12083 12182 24
45 10743 10875 9
51 19345 19420 9
43 2910 3013 1
79 9421 9521 8
50 16185 16296 18
27 7496 7539 19
67 5331 5432 5
79 13534 13670 12
15 1119 1221 27
51 16171 16243 16
24 12684 12779 2
50 2447 2535 19
20 7401 7436 24
71 12626 12790 21
42 10137 10195 29
62 10919 10994 23
16 689 798 13
66 3964 4043 30
94 19181 19293 35
69 8696 8840 39
81 11054 11218 39
40 15916 16056 25
71 17534 17638 1
36 13594 13699 5
20 4097 4152 10
52 15120 15193 33
64 11325 11448 9
84 7222 7405 40
79 9074 9198 36
75 12083 12158 35
28 1579 1621 10
29 5219 5260 35
87 10795 10906 7
78 4387 4529 11
49 6576 6633 32
79 2179 2264 10
40 827 887 2
90 8363 8536 39
26 17885 17969 7
23 3278 3359 3
63 10091 10230 8
78 18249 18418 2
60 3035 3160 19
96 19252 19411 9
20 12572 12683 6
71 2567 2656 9
42 12081 12196 33
36 17694 17767 26
65 12782 12946 32
12 3757 3866 24
22 12297 12410 30
23 18068 18171 33
40 11786 11879 35
94 16444 16585 13
61 9267 9426 15
69 4696 4776 12
30 10455 10557 4
48 3181 3322 19
27 13182 13249 31
88 11577 11755 38
46 688 741 30
29 16726 16843 7
72 3413 3515 35
75 9040 9195 37
48 7323 7414 15
30 18595 18658 13
28 18303 18344 15
80 15845 16012 29
35 18954 19056 26
23 11873 11904 11
42 8365 8475 9
72 1522 1674 25
95 11589 11729 21
37 18547 18645 36
94 18719 18865 28
59 7229 7295 24
64 19532 19609 4
34 16705 16814 5
25 9742 9826 14
93 14545 14712 5
24 11040 11112 4
39 1563 1605 3
88 9570 9754 26
71 1269 1438 20
32 5715 5815 40
30 2241 2345 25
10 11532 11637 21
89 13946 14135 35
13 10363 10460 13
28 12821 12949 29
67 1901 2022 12
50 19705 19786 14
60 18105 18202 9
79 7471 7597 27
34 428 476 27
78 14249 14403 32
38 18991 19039 31
28 1470 1534 8
99 14866 15063 39
80 16492 16648 8
80 15973 16141 19
89 9421 9555 32
96 10769 10953 20
61 50 111 9
55 12386 12526 3
49 1170 1263 7
79 17719 17863 38
24 19436 19500 23
27 16784 16861 27
46 6823 6921 34
63 3679 3743 19
85 8673 8763 40
83 19087 19205 8
10 8117 8177 22
46 2840 2913 30
96 12795 12970 24
78 2000 2097 29
73 3867 4038 6
71 17498 17572 13
12 11441 11493 27
30 15051 15162 32
85 17754 17848 8
53 14687 14802 11
94 12973 13138 5
49 1848 1992 28
48 17051 17105 25
91 7463 7588 21
98 15399 15572 20
91 6352 6530 7
46 17959 18105 3
89 6658 6840 31
12 6720 6754 4
61 15084 15216 37
47 1932 2009 13
36 833 902 7
67 15535 15701 25
63 1332 1457 34
67 2310 2408 34
94 17996 18189 9
41 7982 8037 7
